0.2208021979287226
0.24200333715997502
0.345876904066383
0.06659750261323855
0.5784311952988105
0.45886110040725914
0.1557697037792362
0.32440885904502637
0.22171711004025882
0.15109283347431363
0.4116845232304234
0.13277683461101603
0.03625400111606398
-0.12648350110994588
-0.13776518180488284
-0.025293590637646593
0.28078220127277015
0.3030931840473597
0.200735808435193
-0.15726755088439368
-0.21322894258214356
0.13241781147699971
0.30743848476398816
0.42212486038097274
0.36259625219784597
0.482976327199328
0.11155546536206823
0.07614302037982325
0.21004567695831539
0.3205018121661844
0.1804433129007161
0.30797926973610507
0.19294034902319274
0.31406517081204066
0.04390881061183779
0.03228885817112109
0.04309270309716366
0.19197667002946417
